5.9300452e+001	1.6007597e+002	4.6073357e+001
5.9293150e+001	1.6032383e+002	4.6036358e+001
5.9293255e+001	1.6045827e+002	4.6018855e+001
5.9298640e+001	1.6070719e+002	4.5989623e+001
5.9309178e+001	1.6095623e+002	4.5962685e+001
5.9319716e+001	1.6120526e+002	4.5935747e+001
5.9330254e+001	1.6145430e+002	4.5908810e+001
5.9340791e+001	1.6170333e+002	4.5881872e+001
5.9351329e+001	1.6195237e+002	4.5854935e+001
5.9368290e+001	1.6220121e+002	4.5829608e+001
5.9385405e+001	1.6245006e+002	4.5804319e+001
5.9402520e+001	1.6269890e+002	4.5779031e+001
5.9419635e+001	1.6294774e+002	4.5753742e+001
5.9436750e+001	1.6319658e+002	4.5728454e+001
5.9458088e+001	1.6344519e+002	4.5704264e+001
5.9481015e+001	1.6369372e+002	4.5680488e+001
5.9503941e+001	1.6394224e+002	4.5656712e+001
5.9526868e+001	1.6419077e+002	4.5632935e+001
5.9549794e+001	1.6443929e+002	4.5609159e+001
5.9575123e+001	1.6468763e+002	4.5586034e+001
5.9603090e+001	1.6493576e+002	4.5563625e+001
5.9631057e+001	1.6518390e+002	4.5541216e+001
5.9659024e+001	1.6543203e+002	4.5518808e+001
5.9686991e+001	1.6568016e+002	4.5496399e+001
5.9715913e+001	1.6592821e+002	4.5474262e+001
5.9748150e+001	1.6617593e+002	4.5453069e+001
5.9780387e+001	1.6642365e+002	4.5431877e+001
5.9812624e+001	1.6667137e+002	4.5410685e+001
5.9844861e+001	1.6691910e+002	4.5389492e+001
5.9877098e+001	1.6716682e+002	4.5368300e+001
5.9912721e+001	1.6741416e+002	4.5348134e+001
5.9948461e+001	1.6766149e+002	4.5328004e+001
5.9984201e+001	1.6790882e+002	4.5307874e+001
6.0019941e+001	1.6815615e+002	4.5287743e+001
6.0055681e+001	1.6840348e+002	4.5267613e+001
6.0093355e+001	1.6865058e+002	4.5248120e+001
6.0131838e+001	1.6889757e+002	4.5228895e+001
6.0170320e+001	1.6914456e+002	4.5209669e+001
6.0208803e+001	1.6939155e+002	4.5190444e+001
6.0247286e+001	1.6963854e+002	4.5171218e+001
6.0286641e+001	1.6988541e+002	4.5152320e+001
6.0327113e+001	1.7013214e+002	4.5133840e+001
6.0367584e+001	1.7037887e+002	4.5115360e+001
6.0408056e+001	1.7062560e+002	4.5096881e+001
6.0448527e+001	1.7087233e+002	4.5078401e+001
6.0489208e+001	1.7111903e+002	4.5060021e+001
6.0530920e+001	1.7136560e+002	4.5042128e+001
6.0572632e+001	1.7161217e+002	4.5024235e+001
6.0614344e+001	1.7185873e+002	4.5006342e+001
6.0656056e+001	1.7210530e+002	4.4988449e+001
6.0697768e+001	1.7235187e+002	4.4970556e+001
6.0739924e+001	1.7259838e+002	4.4953045e+001
6.0782132e+001	1.7284490e+002	4.4935579e+001
6.0824340e+001	1.7309141e+002	4.4918113e+001
6.0866548e+001	1.7333792e+002	4.4900647e+001
6.0908756e+001	1.7358443e+002	4.4883181e+001
6.0950811e+001	1.7383098e+002	4.4865881e+001
6.0992773e+001	1.7407756e+002	4.4848682e+001
6.1034735e+001	1.7432413e+002	4.4831483e+001
6.1076697e+001	1.7457070e+002	4.4814285e+001
6.1118658e+001	1.7481728e+002	4.4797086e+001
6.1160275e+001	1.7506391e+002	4.4779925e+001
6.1201248e+001	1.7531066e+002	4.4762834e+001
6.1242220e+001	1.7555740e+002	4.4745743e+001
6.1283193e+001	1.7580415e+002	4.4728652e+001
6.1324165e+001	1.7605090e+002	4.4711561e+001
6.1365005e+001	1.7629767e+002	4.4694467e+001
6.1404242e+001	1.7654469e+002	4.4677325e+001
6.1443480e+001	1.7679172e+002	4.4660184e+001
6.1482717e+001	1.7703874e+002	4.4643042e+001
6.1521955e+001	1.7728577e+002	4.4625901e+001
6.1561192e+001	1.7753279e+002	4.4608759e+001
6.1598422e+001	1.7778011e+002	4.4591449e+001
6.1635174e+001	1.7802751e+002	4.4574099e+001
6.1671925e+001	1.7827490e+002	4.4556749e+001
6.1708677e+001	1.7852229e+002	4.4539399e+001
6.1745428e+001	1.7876969e+002	4.4522049e+001
6.1780422e+001	1.7901731e+002	4.4504501e+001
6.1813931e+001	1.7926514e+002	4.4486785e+001
6.1847440e+001	1.7951297e+002	4.4469070e+001
6.1880949e+001	1.7976079e+002	4.4451355e+001
6.1914457e+001	1.8000862e+002	4.4433639e+001
6.1946840e+001	1.8025658e+002	4.4415777e+001
6.1976343e+001	1.8050488e+002	4.4397542e+001
6.2005847e+001	1.8075318e+002	4.4379306e+001
6.2035350e+001	1.8100148e+002	4.4361070e+001
6.2064853e+001	1.8124977e+002	4.4342834e+001
6.2094241e+001	1.8149808e+002	4.4324582e+001
6.2118970e+001	1.8174685e+002	4.4305674e+001
6.2143699e+001	1.8199562e+002	4.4286765e+001
6.2168428e+001	1.8224439e+002	4.4267856e+001
6.2193158e+001	1.8249316e+002	4.4248948e+001
6.2217887e+001	1.8274193e+002	4.4230039e+001
6.2238345e+001	1.8299102e+002	4.4210497e+001
6.2257530e+001	1.8324022e+002	4.4190767e+001
6.2276715e+001	1.8348941e+002	4.4171037e+001
6.2295900e+001	1.8373860e+002	4.4151306e+001
6.2315085e+001	1.8398780e+002	4.4131576e+001
6.2331003e+001	1.8423716e+002	4.4111346e+001
6.2343876e+001	1.8448668e+002	4.4090650e+001
6.2356750e+001	1.8473620e+002	4.4069954e+001
6.2369623e+001	1.8498572e+002	4.4049259e+001
6.2382496e+001	1.8523525e+002	4.4028563e+001
6.2394235e+001	1.8548479e+002	4.4007511e+001
6.2401815e+001	1.8573433e+002	4.3984673e+001
6.2406844e+001	1.8598378e+002	4.3960095e+001
6.2408925e+001	1.8623313e+002	4.3934132e+001
6.2408319e+001	1.8648241e+002	4.3907416e+001
6.2404572e+001	1.8673162e+002	4.3880342e+001
6.2397572e+001	1.8698078e+002	4.3853400e+001
6.2387471e+001	1.8722989e+002	4.3827005e+001
6.2373572e+001	1.8747893e+002	4.3801775e+001
6.2356136e+001	1.8772790e+002	4.3778055e+001
6.2335105e+001	1.8797677e+002	4.3756237e+001
6.2309675e+001	1.8822545e+002	4.3737207e+001
6.2280416e+001	1.8847391e+002	4.3720976e+001
6.2246877e+001	1.8872203e+002	4.3708236e+001
6.2208166e+001	1.8896958e+002	4.3700202e+001
6.2161973e+001	1.8921596e+002	4.3699354e+001
6.2107459e+001	1.8946055e+002	4.3706199e+001
6.2046863e+001	1.8970352e+002	4.3718170e+001
6.1981037e+001	1.8994491e+002	4.3733913e+001
6.1911587e+001	1.9018517e+002	4.3751426e+001
6.1839630e+001	1.9042468e+002	4.3769082e+001
6.1766478e+001	1.9066394e+002	4.3785058e+001
6.1693318e+001	1.9090340e+002	4.3797749e+001
6.1621516e+001	1.9114348e+002	4.3805110e+001
6.1552195e+001	1.9138440e+002	4.3805844e+001
6.1487128e+001	1.9162633e+002	4.3797295e+001
6.1427105e+001	1.9186903e+002	4.3778968e+001
6.1375115e+001	1.9211256e+002	4.3750151e+001
6.1329891e+001	1.9235659e+002	4.3714834e+001
6.1290728e+001	1.9260060e+002	4.3672705e+001
6.1255103e+001	1.9284420e+002	4.3625393e+001
6.1221568e+001	1.9308704e+002	4.3572892e+001
6.1188214e+001	1.9332901e+002	4.3516380e+001
6.1153136e+001	1.9356982e+002	4.3456130e+001
6.1114742e+001	1.9380939e+002	4.3392996e+001
6.1070924e+001	1.9404737e+002	4.3327479e+001
6.1020103e+001	1.9428348e+002	4.3260297e+001
6.0960211e+001	1.9451717e+002	4.3192152e+001
6.0889596e+001	1.9474778e+002	4.3123802e+001
6.0806232e+001	1.9497413e+002	4.3055737e+001
6.0712002e+001	1.9519590e+002	4.2986520e+001
6.0617772e+001	1.9541768e+002	4.2917302e+001
6.0523542e+001	1.9563946e+002	4.2848085e+001
6.0418425e+001	1.9585527e+002	4.2775884e+001
6.0312095e+001	1.9607041e+002	4.2703351e+001
6.0205766e+001	1.9628556e+002	4.2630817e+001
6.0092795e+001	1.9649661e+002	4.2556545e+001
5.9976170e+001	1.9670540e+002	4.2481315e+001
5.9859545e+001	1.9691419e+002	4.2406085e+001
5.9739633e+001	1.9712075e+002	4.2330033e+001
5.9614458e+001	1.9732372e+002	4.2252662e+001
5.9489282e+001	1.9752670e+002	4.2175291e+001
5.9363330e+001	1.9772911e+002	4.2097735e+001
5.9231253e+001	1.9792701e+002	4.2018712e+001
5.9099176e+001	1.9812492e+002	4.1939690e+001
5.8967099e+001	1.9832282e+002	4.1860668e+001
5.8830588e+001	1.9851726e+002	4.1780632e+001
5.8693151e+001	1.9871098e+002	4.1700385e+001
5.8555714e+001	1.9890470e+002	4.1620137e+001
5.8416204e+001	1.9909672e+002	4.1539441e+001
5.8274847e+001	1.9928724e+002	4.1458343e+001
5.8133491e+001	1.9947775e+002	4.1377246e+001
5.7991573e+001	1.9966780e+002	4.1296035e+001
5.7847653e+001	1.9985616e+002	4.1214422e+001
5.7703733e+001	2.0004453e+002	4.1132809e+001
5.7559812e+001	2.0023289e+002	4.1051195e+001
5.7414753e+001	2.0042030e+002	4.0969394e+001
5.7269568e+001	2.0060760e+002	4.0887573e+001
5.7124384e+001	2.0079490e+002	4.0805752e+001
5.6979202e+001	2.0098222e+002	4.0723980e+001
5.6834023e+001	2.0116957e+002	4.0642246e+001
5.6688844e+001	2.0135691e+002	4.0560511e+001
5.6543998e+001	2.0154455e+002	4.0478876e+001
5.6400097e+001	2.0173304e+002	4.0397523e+001
5.6256195e+001	2.0192153e+002	4.0316171e+001
5.6112294e+001	2.0211003e+002	4.0234818e+001
5.5970840e+001	2.0230064e+002	4.0154123e+001
5.5829522e+001	2.0249137e+002	4.0073464e+001
5.5688204e+001	2.0268210e+002	3.9992805e+001
5.5549434e+001	2.0287496e+002	3.9912812e+001
5.5412068e+001	2.0306898e+002	3.9833187e+001
5.5274702e+001	2.0326300e+002	3.9753561e+001
5.5139263e+001	2.0345855e+002	3.9674439e+001
5.5007306e+001	2.0365686e+002	3.9596229e+001
5.4875349e+001	2.0385516e+002	3.9518019e+001
5.4743975e+001	2.0405390e+002	3.9439964e+001
5.4618991e+001	2.0425738e+002	3.9363605e+001
5.4494007e+001	2.0446086e+002	3.9287247e+001
5.4369022e+001	2.0466434e+002	3.9210888e+001
5.4251193e+001	2.0487271e+002	3.9136475e+001
5.4134859e+001	2.0508210e+002	3.9062469e+001
5.4018524e+001	2.0529149e+002	3.8988462e+001
5.3908281e+001	2.0550464e+002	3.8916161e+001
5.3802373e+001	2.0572048e+002	3.8845074e+001
5.3696465e+001	2.0593631e+002	3.8773987e+001
5.3594841e+001	2.0615449e+002	3.8704140e+001
5.3501199e+001	2.0637703e+002	3.8636603e+001
5.3407557e+001	2.0659957e+002	3.8569066e+001
5.3315511e+001	2.0682287e+002	3.8502008e+001
5.3235966e+001	2.0705204e+002	3.8438699e+001
5.3156421e+001	2.0728121e+002	3.8375390e+001
5.3076876e+001	2.0751038e+002	3.8312081e+001
5.3006472e+001	2.0774315e+002	3.8251281e+001
5.2943751e+001	2.0797858e+002	3.8192197e+001
5.2887434e+001	2.0821599e+002	3.8134676e+001
5.2837669e+001	2.0845530e+002	3.8078960e+001
5.2794638e+001	2.0869637e+002	3.8025298e+001
5.2759518e+001	2.0893930e+002	3.7974301e+001
5.2731758e+001	2.0918372e+002	3.7926003e+001
5.2711513e+001	2.0942943e+002	3.7880655e+001
5.2699078e+001	2.0967625e+002	3.7838561e+001
5.2695242e+001	2.0992396e+002	3.7800260e+001
5.2700797e+001	2.1017228e+002	3.7766333e+001
5.2715280e+001	2.1042078e+002	3.7736773e+001
5.2739054e+001	2.1066908e+002	3.7711950e+001
5.2772600e+001	2.1091673e+002	3.7692309e+001
5.2817719e+001	2.1116296e+002	3.7679067e+001
5.2875356e+001	2.1140674e+002	3.7672656e+001
5.2941316e+001	2.1164860e+002	3.7670550e+001
5.3007276e+001	2.1189047e+002	3.7668443e+001
5.3073236e+001	2.1213234e+002	3.7666336e+001
5.3153573e+001	2.1236963e+002	3.7671407e+001
5.3237344e+001	2.1260583e+002	3.7678193e+001
5.3321116e+001	2.1284204e+002	3.7684978e+001
5.3408474e+001	2.1307674e+002	3.7693610e+001
5.3507674e+001	2.1330652e+002	3.7708338e+001
5.3606875e+001	2.1353630e+002	3.7723066e+001
5.3706075e+001	2.1376607e+002	3.7737794e+001
5.3813815e+001	2.1399150e+002	3.7757052e+001
5.3925985e+001	2.1421467e+002	3.7778660e+001
5.4038156e+001	2.1443785e+002	3.7800268e+001
5.4151055e+001	2.1466059e+002	3.7822275e+001
5.4273816e+001	2.1487746e+002	3.7849671e+001
5.4396577e+001	2.1509433e+002	3.7877068e+001
5.4519338e+001	2.1531121e+002	3.7904464e+001
5.4645904e+001	2.1552552e+002	3.7934005e+001
5.4777043e+001	2.1573677e+002	3.7966125e+001
5.4908181e+001	2.1594802e+002	3.7998244e+001
5.5039320e+001	2.1615927e+002	3.8030363e+001
5.5175612e+001	2.1636672e+002	3.8065489e+001
5.5313112e+001	2.1657327e+002	3.8101320e+001
5.5450611e+001	2.1677983e+002	3.8137150e+001
5.5588733e+001	2.1698589e+002	3.8173360e+001
5.5730760e+001	2.1718885e+002	3.8211952e+001
5.5872787e+001	2.1739181e+002	3.8250544e+001
5.6014814e+001	2.1759478e+002	3.8289136e+001
5.6158092e+001	2.1779669e+002	3.8328550e+001
5.6302964e+001	2.1799726e+002	3.8369009e+001
5.6447835e+001	2.1819784e+002	3.8409467e+001
5.6592706e+001	2.1839841e+002	3.8449926e+001
5.6738493e+001	2.1859817e+002	3.8491120e+001
5.6884629e+001	2.1879762e+002	3.8532592e+001
5.7030765e+001	2.1899707e+002	3.8574065e+001
5.7176900e+001	2.1919651e+002	3.8615537e+001
5.7322771e+001	2.1939612e+002	3.8657192e+001
5.7468642e+001	2.1959572e+002	3.8698846e+001
5.7614513e+001	2.1979532e+002	3.8740501e+001
5.7759894e+001	2.1999532e+002	3.8781979e+001
5.7903966e+001	2.2019636e+002	3.8822986e+001
5.8048039e+001	2.2039739e+002	3.8863992e+001
5.8192112e+001	2.2059843e+002	3.8904999e+001
5.8334310e+001	2.2080096e+002	3.8945176e+001
5.8474994e+001	2.2100468e+002	3.8984685e+001
5.8615678e+001	2.2120840e+002	3.9024193e+001
5.8756362e+001	2.2141212e+002	3.9063701e+001
5.8892724e+001	2.2161912e+002	3.9101182e+001
5.9028321e+001	2.2182670e+002	3.9138304e+001
5.9163919e+001	2.2203428e+002	3.9175426e+001
5.9298349e+001	2.2224269e+002	3.9211987e+001
5.9427011e+001	2.2245520e+002	3.9245782e+001
5.9555673e+001	2.2266770e+002	3.9279576e+001
5.9684335e+001	2.2288021e+002	3.9313370e+001
5.9808408e+001	2.2309569e+002	3.9344949e+001
5.9928105e+001	2.2331400e+002	3.9374415e+001
6.0047803e+001	2.2353231e+002	3.9403881e+001
6.0167501e+001	2.2375062e+002	3.9433348e+001
6.0277358e+001	2.2397457e+002	3.9458077e+001
6.0385882e+001	2.2419929e+002	3.9482164e+001
6.0494405e+001	2.2442400e+002	3.9506251e+001
6.0599286e+001	2.2465050e+002	3.9528600e+001
6.0694283e+001	2.2488185e+002	3.9546232e+001
6.0789280e+001	2.2511319e+002	3.9563865e+001
6.0884276e+001	2.2534453e+002	3.9581498e+001
6.0968646e+001	2.2558011e+002	3.9594125e+001
6.1047720e+001	2.2581781e+002	3.9604259e+001
6.1126795e+001	2.2605551e+002	3.9614392e+001
6.1205091e+001	2.2629345e+002	3.9624166e+001
6.1268188e+001	2.2653603e+002	3.9626961e+001
6.1320406e+001	2.2678118e+002	3.9624914e+001
6.1362549e+001	2.2702821e+002	3.9618481e+001
6.1394529e+001	2.2727661e+002	3.9607735e+001
6.1418024e+001	2.2752579e+002	3.9593492e+001
6.1434538e+001	2.2777536e+002	3.9576464e+001
6.1445044e+001	2.2802509e+002	3.9557126e+001
6.1449818e+001	2.2827483e+002	3.9535710e+001
6.1450741e+001	2.2852451e+002	3.9513019e+001
6.1448758e+001	2.2877410e+002	3.9489497e+001
6.1444759e+001	2.2902363e+002	3.9465572e+001
6.1439658e+001	2.2927315e+002	3.9441744e+001
6.1434620e+001	2.2952273e+002	3.9418481e+001
6.1430553e+001	2.2977241e+002	3.9396213e+001
6.1428280e+001	2.3002224e+002	3.9375376e+001
6.1424169e+001	2.3027204e+002	3.9354460e+001
6.1414900e+001	2.3052156e+002	3.9331980e+001
6.1401168e+001	2.3077075e+002	3.9308189e+001
6.1383669e+001	2.3101961e+002	3.9283340e+001
6.1363099e+001	2.3126815e+002	3.9257681e+001
6.1340149e+001	2.3151642e+002	3.9231458e+001
6.1315503e+001	2.3176450e+002	3.9204913e+001
6.1289845e+001	2.3201247e+002	3.9178286e+001
6.1263853e+001	2.3226041e+002	3.9151815e+001
6.1238208e+001	2.3250844e+002	3.9125738e+001
6.1213588e+001	2.3275664e+002	3.9100296e+001
6.1190679e+001	2.3300508e+002	3.9075729e+001
6.1170168e+001	2.3325385e+002	3.9052283e+001
6.1152748e+001	2.3350297e+002	3.9030203e+001
6.1139126e+001	2.3375247e+002	3.9009746e+001
6.1130281e+001	2.3400234e+002	3.8991280e+001
6.1126697e+001	2.3425248e+002	3.8974969e+001
6.1129071e+001	2.3450278e+002	3.8961015e+001
6.1139054e+001	2.3475301e+002	3.8949647e+001
6.1156007e+001	2.3500297e+002	3.8940522e+001
6.1179493e+001	2.3525247e+002	3.8933647e+001
6.1207837e+001	2.3550151e+002	3.8928613e+001
6.1239609e+001	2.3575017e+002	3.8925058e+001
6.1273897e+001	2.3599851e+002	3.8922858e+001
6.1309366e+001	2.3624670e+002	3.8921700e+001
6.1344802e+001	2.3649489e+002	3.8921253e+001
6.1378987e+001	2.3674326e+002	3.8921307e+001
6.1410582e+001	2.3699196e+002	3.8921587e+001
6.1438685e+001	2.3724109e+002	3.8921818e+001
6.1461882e+001	2.3749071e+002	3.8921736e+001
6.1478466e+001	2.3774086e+002	3.8921023e+001
6.1488021e+001	2.3799136e+002	3.8919494e+001
6.1490065e+001	2.3824205e+002	3.8917691e+001
6.1490974e+001	2.3849275e+002	3.8915898e+001
6.1488957e+001	2.3874343e+002	3.8914586e+001
6.1484661e+001	2.3899410e+002	3.8913649e+001
6.1478906e+001	2.3924473e+002	3.8912936e+001
6.1469955e+001	2.3949528e+002	3.8912711e+001
6.1460738e+001	2.3974582e+002	3.8912523e+001
6.1447686e+001	2.3999619e+002	3.8912867e+001
6.1434635e+001	2.4024656e+002	3.8913210e+001
6.1418692e+001	2.4049675e+002	3.8913899e+001
6.1402096e+001	2.4074691e+002	3.8914665e+001
6.1383809e+001	2.4099694e+002	3.8915589e+001
6.1364223e+001	2.4124689e+002	3.8916634e+001
6.1343872e+001	2.4149676e+002	3.8917721e+001
6.1321850e+001	2.4174650e+002	3.8918899e+001
6.1299712e+001	2.4199622e+002	3.8920077e+001
6.1275806e+001	2.4224579e+002	3.8921245e+001
6.1251899e+001	2.4249535e+002	3.8922413e+001
6.1226913e+001	2.4274481e+002	3.8923457e+001
6.1201670e+001	2.4299424e+002	3.8924470e+001
6.1175990e+001	2.4324363e+002	3.8925319e+001
6.1149958e+001	2.4349298e+002	3.8926034e+001
6.1123853e+001	2.4374233e+002	3.8926618e+001
6.1097576e+001	2.4399166e+002	3.8926891e+001
6.1071313e+001	2.4424099e+002	3.8927139e+001
6.1045338e+001	2.4449035e+002	3.8926826e+001
6.1019363e+001	2.4473970e+002	3.8926513e+001
6.0994056e+001	2.4498913e+002	3.8925625e+001
6.0968927e+001	2.4523858e+002	3.8924581e+001
6.0944543e+001	2.4548809e+002	3.8923071e+001
6.0920810e+001	2.4573767e+002	3.8921153e+001
6.0897619e+001	2.4598729e+002	3.8918949e+001
6.0875829e+001	2.4623703e+002	3.8916011e+001
6.0854105e+001	2.4648678e+002	3.8913041e+001
6.0834810e+001	2.4673671e+002	3.8908937e+001
6.0815514e+001	2.4698664e+002	3.8904833e+001
6.0798581e+001	2.4723672e+002	3.8899714e+001
6.0782333e+001	2.4748684e+002	3.8894300e+001
6.0767973e+001	2.4773706e+002	3.8888123e+001
6.0755329e+001	2.4798735e+002	3.8881255e+001
6.0743821e+001	2.4823768e+002	3.8873949e+001
6.0735334e+001	2.4848811e+002	3.8865482e+001
6.0726929e+001	2.4873853e+002	3.8856972e+001
6.0722659e+001	2.4898896e+002	3.8846095e+001
6.0721308e+001	2.4923932e+002	3.8832912e+001
6.0722597e+001	2.4948956e+002	3.8817691e+001
6.0727528e+001	2.4973958e+002	3.8799785e+001

