# AUV0   Upper lip raiser (AU10)
10
6    0.000000    0.086957    0.021739
32   0.000000    0.065217    0.021739
57   0.000000    0.065217    0.021739
70   0.000000    0.050000    0.021739
71   0.000000    0.050000    0.021739
72   0.000000    0.050000    0.021739
73   0.000000    0.050000    0.021739
78   0.000000    0.065217    0.021739
79   0.000000    0.020000    0.000000
80   0.000000    0.020000    0.000000

# AUV11 Jaw drop (AU26/27)
12
34   0.000000   -0.260000   -0.050000
7    0.000000   -0.260000   -0.050000
8    0.000000   -0.260000   -0.100000
9   0.000000   -0.130000   -0.150000
31   0.000000   -0.150000   -0.130000
56   0.000000   -0.150000   -0.130000
74   0.000000   -0.200000   -0.050000
75   0.000000   -0.200000   -0.050000
76   0.000000   -0.200000   -0.050000
77   0.000000   -0.200000   -0.050000
79   0.000000   -0.020000    0.000000
80   0.000000   -0.020000    0.000000


# AUV2   Lip stretcher (AU20)
18
30   0.090000    0.000000   -0.090000
7    0.000000    0.032500   -0.017391
32   0.000000   -0.022000   -0.025500
6    0.000000   -0.022000   -0.010000
55  -0.090000    0.000000   -0.090000
57   0.000000   -0.022000   -0.025500
70   0.045000   -0.020000   -0.020000
71  -0.045000   -0.020000   -0.020000
72   0.040000    0.000000   -0.020000
73  -0.040000    0.000000   -0.020000
74   0.040000    0.000000   -0.020000
75  -0.040000    0.000000   -0.020000
76   0.045000    0.023000   -0.020000
77  -0.045000    0.023000   -0.020000
79   0.080000    0.000000   -0.080000
80  -0.080000    0.000000   -0.080000
81   0.040000    0.000000   -0.040000
82  -0.040000    0.000000   -0.040000

# AUV3   Brow lowerer (AU4)
14
16  -0.130435   -0.130435    0.000000
15  -0.086957   -0.130435    0.017391
17  -0.086957   -0.130435    0.017391
14   0.000000   -0.065217    0.000000
41   0.130435   -0.130435    0.000000
40   0.086957   -0.130435    0.017391
42   0.086957   -0.130435    0.017391
39   0.000000   -0.065217    0.000000
20   0.000000   -0.034783    0.000000
45   0.000000   -0.034783    0.000000
58   0.000000   -0.026087    0.000000
60   0.000000   -0.026087    0.000000
62   0.000000   -0.026087    0.000000
64   0.000000   -0.026087    0.000000

# AUV14 Lip corner depressor (AU13/15)
14
30   0.000000   -0.140000   -0.010000
55   0.000000   -0.140000   -0.010000
79   0.000000   -0.100000   -0.008000
80   0.000000   -0.100000   -0.008000
70   0.000000   -0.030000   -0.020000
71   0.000000   -0.030000   -0.020000
72   0.000000   -0.030000   -0.020000
73   0.000000   -0.030000   -0.020000
74   0.000000   -0.030000   -0.020000
75   0.000000   -0.030000   -0.020000
76   0.000000   -0.040000   -0.020000
77   0.000000   -0.040000   -0.020000
81   0.000000   -0.040000   -0.000000
82   0.000000   -0.040000   -0.000000

# AUV5   Outer brow raiser (AU2)
8
14   0.021739    0.173913   -0.021739
15   0.000000    0.152174   -0.021739
16   0.000000    0.021739    0.000000
17   0.000000    0.152174   -0.021739
39  -0.021739    0.173913   -0.021739
40   0.000000    0.152174   -0.021739
41   0.000000    0.021739    0.000000
42   0.000000    0.152174   -0.021739

# AUV6   Eyes closed (AU42/43/44/45)
12
20   0.000000   -0.062000    0.010000
21   0.000000    0.020000    0.010000
45   0.000000   -0.062000    0.010000
46   0.000000    0.020000    0.010000
88   0.000000   -0.045000    0.007000
89   0.000000   -0.045000    0.007000
90   0.000000    0.015000    0.007000
91  0.000000    0.015000    0.007000
96  0.000000   -0.045000    0.007000
97  0.000000   -0.045000    0.007000
98  0.000000    0.015000    0.007000
99  0.000000    0.015000    0.007000

# AUV7   Lid tightener (AU7)
12
20   0.000000   -0.056000    0.010000
21   0.000000    0.026000    0.010000
45   0.000000   -0.056000    0.010000
46   0.000000    0.026000    0.010000
88   0.000000   -0.038000    0.007000
89   0.000000   -0.038000    0.007000
90   0.000000    0.022000    0.007000
91  0.000000    0.022000    0.007000
96  0.000000   -0.038000    0.007000
97  0.000000   -0.038000    0.007000
98  0.000000    0.022000    0.007000
99  0.000000    0.022000    0.007000

# AUV8   Nose wrinkler (AU9)
23
2    0.000000   -0.086957    0.013043
3    0.000000   -0.043478    0.000000
4    0.000000    0.086957    0.000000
25   0.000000    0.043478   -0.017391
24   0.000000    0.043478   -0.008696
23   0.000000    0.017391    0.000000
21   0.000000    0.017391    0.000000
50   0.000000    0.043478   -0.017391
49   0.000000    0.043478   -0.008696
48   0.000000    0.017391    0.000000
46   0.000000    0.017391    0.000000
59   0.000000    0.008696    0.000000
61   0.000000    0.008696    0.000000
63   0.000000    0.008696    0.000000
65   0.000000    0.008696    0.000000
90   0.000000    0.017391    0.000000
91  0.000000    0.017391    0.000000
92  0.000000    0.017391    0.000000
93  0.000000    0.017391    0.000000
98  0.000000    0.017391    0.000000
99  0.000000    0.017391    0.000000
100  0.000000    0.017391    0.000000
101  0.000000    0.017391    0.000000

# AUV9   Lip presser (AU23/24)
8
7    0.000000    0.032500    0.000000
32   0.000000   -0.020000    0.000000
57   0.000000   -0.020000    0.000000
6    0.000000   -0.021000    0.000000
70   0.000000   -0.020000    0.000000
71   0.000000   -0.020000    0.000000
76   0.000000    0.023000    0.000000
77   0.000000    0.023000    0.000000

# AUV10 Upper lid raiser (AU5)
6
20   0.000000    0.030000   -0.010000
45   0.000000    0.030000   -0.010000
88   0.000000    0.015000   -0.007000
89   0.000000    0.015000   -0.007000
96  0.000000    0.015000   -0.007000
97  0.000000    0.015000   -0.007000

